0 0 0 0
1 0 0 0
1.93969 0.34202 1 0
2.93969 0.34202 1.93969 0.34202
3.87939 0 2.93969 0.34202
4.87939 0 3.87939 0
5.81908 -0.34202 4.87939 0
6.81908 -0.34202 5.81908 -0.34202
7.81908 -0.34202 6.81908 -0.34202
8.75877 -0.68404 7.81908 -0.34202
9.69846 -1.02606 8.75877 -0.68404
9.75877 -0.68404 8.75877 -0.68404
10.4645 -1.66885 9.69846 -1.02606
10.6985 -0.34202 9.75877 -0.68404
8.75877 0 7.81908 -0.34202
11.4645 0.300767 10.6985 -0.34202
9.52481 0.642788 8.75877 0
10.0248 1.50881 9.52481 0.642788
10.7909 2.1516 10.0248 1.50881
11.4042 -2.01087 10.4645 -1.66885
10.9645 -2.53487 10.4645 -1.66885
