-1.76674 1.47031 
2.7609 1.71537 
7.27865 1.72703 
12.035 1.77702 
16.5392 1.85752 
21.0336 1.9058 
25.8245 1.8237 
29.0081 1.68818 
32.854 1.53236 
36.0541 1.40599 
39.6403 1.33292 
41.8411 0.4617 
43.7949 -0.82433 
45.3121 -2.63124 
46.1554 -4.62502 
46.4221 -7.10255 
46.5322 -9.60714 
46.3761 -11.9525 
45.8402 -14.4087 
45.0924 -16.5198 
43.6631 -19.0953 
41.3715 -21.7455 
37.8901 -24.083 
34.6199 -25.5377 
31.2378 -26.4075 
27.4351 -27.5947 
24.4867 -28.2712 
21.9399 -28.5393 
17.7762 -27.4994 
14.9727 -25.1546 
13.464 -23.703 
11.3518 -21.9376 
9.28482 -20.3903 
7.48336 -18.9196 
4.77596 -17.4981 
1.28759 -17.3332 
-1.63389 -18.2759 
-3.17949 -21.7291 
-3.27371 -25.0205 
-3.07798 -27.4283 
-2.77588 -30.0829 
-3.4181 -34.0824 
-5.17042 -37.1482 
-6.55036 -40.3913 
-5.86447 -42.8616 
-4.37758 -44.9487 
-2.17299 -47.4768 
0.147873 -48.764 
4.08864 -48.8794 
8.0548 -47.916 
11.9599 -47.6551 
14.9592 -47.935 
17.6076 -48.6755 
19.5705 -49.7755 
22.6065 -52.1837 
25.3403 -55.3911 
27.526 -58.7277 
29.1638 -62.0334 
30.1007 -65.722 
30.1847 -69.0224 
29.2832 -72.0738 
26.9897 -73.9625 
23.765 -74.3959 
19.9834 -74.2501 
15.7009 -73.03 
11.5244 -71.9856 
7.55422 -71.0144 
3.99314 -70.1475 
-0.0668102 -69.1029 
-3.44227 -67.231 
-5.49041 -65.112 
-7.24591 -62.5962 
-9.36123 -60.3147 
-11.5452 -58.3123 
-14.4152 -54.9343 
-16.5187 -52.5612 
-18.5795 -50.1394 
-21.8124 -46.6211 
-24.7267 -43.4752 
-25.7503 -40.3981 
-26.0477 -36.9701 
-25.9316 -32.6193 
-25.7263 -28.6441 
-25.0014 -24.6763 
-24.2922 -20.8633 
-23.305 -17.2036 
-22.1317 -13.6424 
-20.7885 -9.28059 
-18.4632 -6.41254 
-15.6023 -3.68699 
-13.5745 -2.16605 
-11.5146 -0.892863 
-7.0434 0.440191 
-4.10933 1.10957 
-1.76674 1.47031 
-1.20535 -2.43422 
3.17811 -1.93233 
7.48559 -1.81354 
12.1317 -1.68397 
16.7907 -1.63398 
21.016 -1.57768 
25.9493 -1.68443 
29.0481 -1.72888 
32.612 -1.83696 
35.9588 -2.02518 
39.9083 -3.04691 
42.1979 -5.73115 
42.644 -7.45759 
42.6222 -9.84561 
42.5241 -11.4708 
42.1597 -13.486 
41.4562 -15.1819 
40.5326 -16.8798 
38.5181 -18.9989 
36.204 -20.4709 
32.7587 -21.9738 
28.4736 -23.4818 
25.4437 -24.1715 
22.9643 -24.4952 
18.7935 -23.4676 
16.1738 -21.4525 
13.5639 -18.8669 
11.8896 -17.3643 
10.3036 -16.0994 
6.79946 -13.8661 
4.3283 -13.5116 
1.12302 -13.7139 
-2.75382 -14.1658 
-4.81454 -15.6765 
-7.15269 -19.0836 
-8.18414 -23.2164 
-7.90778 -27.239 
-7.00891 -31.0451 
-8.42116 -34.9212 
-10.3438 -39.3103 
-9.21578 -43.815 
-6.92036 -47.6307 
-4.60597 -50.5478 
-2.35273 -51.8893 
-0.165839 -52.8908 
2.04115 -53.2723 
4.15739 -53.365 
8.75176 -53.0574 
12.9969 -52.1645 
16.4464 -52.5517 
19.5895 -54.8799 
21.4046 -57.2886 
25.2624 -63.3929 
20.4153 -65.9767 
26.1475 -68.3556 
24.7101 -69.9159 
21.122 -70.2596 
16.893 -69.4649 
12.5506 -68.4204 
8.61411 -67.5245 
5.12989 -66.6364 
1.29183 -65.5188 
-0.911457 -64.0005 
-3.19275 -61.7591 
-4.88976 -59.9218 
-7.34267 -57.3791 
-9.32453 -55.3649 
-11.9271 -52.5859 
-13.9907 -50.4051 
-15.8556 -48.2919 
-17.4214 -46.3404 
-18.9635 -44.472 
-20.869 -41.1217 
-21.7831 -39.5535 
-22.1184 -36.9809 
-22.3782 -33.3755 
-22.2892 -29.8055 
-21.6835 -25.6726 
-20.8396 -21.7996 
-19.7339 -18.0672 
-18.7998 -14.3691 
-17.4899 -10.8448 
-15.5612 -8.86956 
-13.9416 -7.27877 
-11.8316 -5.8212 
-9.60293 -4.78613 
-6.3578 -3.62785 
-3.79636 -2.90468 
-1.20535 -2.43422 
